INSERT INTO tweets_state (id,"attribute",state_bitmap,"output",output_upi) VALUES 
(1,'sentiment','{1,0,0,0}',ARRAY[[0.07965561679572843,0.19585818086787474,0.7244862023363968],[0.07965561679572843,0.19585818086787474,0.7244862023363968],[0.08288202994125364,0.5331087200142112,0.3840092500445351],[0.07987721698573323,0.16348718801265583,0.7566355950016109]],NULL)
,(1,'topic','{1,0,0,0}',NULL,ARRAY['{}'::jsonb,'{}'::jsonb,'{}'::jsonb,'{}'::jsonb])
,(2,'sentiment','{1,0,0,0}',ARRAY[[0.041279649044143586,0.10721615510795329,0.8515041958479032],[0.041279649044143586,0.10721615510795329,0.8515041958479032],[0.035057979709466947,0.6655791855340788,0.29936283475645414],[0.036679935022251225,0.02321940941278262,0.9401006555649661]],NULL)
,(2,'topic','{1,0,0,0}',NULL,ARRAY['{}'::jsonb,'{}'::jsonb,'{}'::jsonb,'{}'::jsonb])
,(3,'sentiment','{1,0,0,0}',ARRAY[[0.05502432721589156,0.4620957623253358,0.48287991045877265],[0.05502432721589156,0.4620957623253358,0.48287991045877265],[0.05149677568857649,0.7400524608489233,0.20845076346250035],[0.05225115998318394,0.4100351685543659,0.5377136714624502]],NULL)
,(3,'topic','{1,0,0,0}',NULL,ARRAY['{}'::jsonb,'{}'::jsonb,'{}'::jsonb,'{}'::jsonb])
,(4,'sentiment','{1,0,0,0}',ARRAY[[0.5786714745987926,0.03395494372862015,0.3873735816725873],[0.5786714745987926,0.03395494372862015,0.3873735816725873],[0.41051970884632255,0.053704119021597635,0.5357761721320798],[0.5901934716637399,0.025380134912755935,0.3844263934235042]],NULL)
,(4,'topic','{1,0,0,0}',NULL,ARRAY['{}'::jsonb,'{}'::jsonb,'{}'::jsonb,'{}'::jsonb])
,(5,'sentiment','{1,0,0,0}',ARRAY[[0.042102878516185806,0.08419473106864271,0.8737023904151716],[0.042102878516185806,0.08419473106864271,0.8737023904151716],[0.04092692204669471,0.4821434567459734,0.4769296212073319],[0.03679941726210289,0.023096798825052736,0.9401037839128445]],NULL)
,(5,'topic','{1,0,0,0}',NULL,ARRAY['{}'::jsonb,'{}'::jsonb,'{}'::jsonb,'{}'::jsonb])
;
INSERT INTO tweets_state (id,"attribute",state_bitmap,"output",output_upi) VALUES 
(6,'sentiment','{1,0,0,0}',ARRAY[[0.06634970421220734,0.040001136627832286,0.8936491591599603],[0.06634970421220734,0.040001136627832286,0.8936491591599603],[0.2096116517194805,0.10324909907549466,0.6871392492050248],[0.04101439657800065,0.027321065849051973,0.9316645375729474]],NULL)
,(6,'topic','{1,0,0,0}',NULL,ARRAY['{}'::jsonb,'{}'::jsonb,'{}'::jsonb,'{}'::jsonb])
,(7,'sentiment','{1,0,0,0}',ARRAY[[0.247403495213128,0.056262851515706584,0.6963336532711655],[0.247403495213128,0.056262851515706584,0.6963336532711655],[0.2867701251627151,0.14203222626849063,0.5711976485687943],[0.16912776309678831,0.040402660754389016,0.7904695761488227]],NULL)
,(7,'topic','{1,0,0,0}',NULL,ARRAY['{}'::jsonb,'{}'::jsonb,'{}'::jsonb,'{}'::jsonb])
,(8,'sentiment','{1,0,0,0}',ARRAY[[0.22417624378314766,0.13109494795600107,0.6447288082608513],[0.22417624378314766,0.13109494795600107,0.6447288082608513],[0.13857566838257526,0.34270557615475655,0.5187187554626682],[0.19667800630488633,0.07030118803514702,0.7330208056599666]],NULL)
,(8,'topic','{1,0,0,0}',NULL,ARRAY['{}'::jsonb,'{}'::jsonb,'{}'::jsonb,'{}'::jsonb])
,(9,'sentiment','{1,0,0,0}',ARRAY[[0.10101357243858361,0.822986149399537,0.07600027816187949],[0.10101357243858361,0.822986149399537,0.07600027816187949],[0.05866145554972684,0.8821118204392251,0.05922672401104811],[0.07854637935783887,0.8671139398198754,0.05433968082228586]],NULL)
,(9,'topic','{1,0,0,0}',NULL,ARRAY['{}'::jsonb,'{}'::jsonb,'{}'::jsonb,'{}'::jsonb])
,(10,'sentiment','{1,0,0,0}',ARRAY[[0.41549570050048823,0.43967471388317003,0.1448295856163417],[0.41549570050048823,0.43967471388317003,0.1448295856163417],[0.09880249315322176,0.7998680187883495,0.10132948805842878],[0.42457864214818425,0.4419791784910305,0.13344217936078528]],NULL)
,(10,'topic','{1,0,0,0}',NULL,ARRAY['{}'::jsonb,'{}'::jsonb,'{}'::jsonb,'{}'::jsonb])
;
INSERT INTO tweets_state (id,"attribute",state_bitmap,"output",output_upi) VALUES 
(11,'sentiment','{1,0,0,0}',ARRAY[[0.7072177062143625,0.08882585456304196,0.20395643922259554],[0.7072177062143625,0.08882585456304196,0.20395643922259554],[0.23794884421848458,0.4995158516993497,0.2625353040821658],[0.7903502579224728,0.02423939391235966,0.18541034816516755]],NULL)
,(11,'topic','{1,0,0,0}',NULL,ARRAY['{}'::jsonb,'{}'::jsonb,'{}'::jsonb,'{}'::jsonb])
,(12,'sentiment','{1,0,0,0}',ARRAY[[0.1881196151613533,0.058869517862180296,0.7530108669764664],[0.1881196151613533,0.058869517862180296,0.7530108669764664],[0.28283724012414296,0.2672853722541009,0.44987738762175616],[0.0907380837500313,0.023002691445443674,0.886259224804525]],NULL)
,(12,'topic','{1,0,0,0}',NULL,ARRAY['{}'::jsonb,'{}'::jsonb,'{}'::jsonb,'{}'::jsonb])
,(13,'sentiment','{1,0,0,0}',ARRAY[[0.17691253693459952,0.05186686636525087,0.7712205967001496],[0.17691253693459952,0.05186686636525087,0.7712205967001496],[0.2296356918546596,0.21116090508998397,0.5592034030553564],[0.08466222427675961,0.023019900750199173,0.8923178749730413]],NULL)
,(13,'topic','{1,0,0,0}',NULL,ARRAY['{}'::jsonb,'{}'::jsonb,'{}'::jsonb,'{}'::jsonb])
,(14,'sentiment','{1,0,0,0}',ARRAY[[0.5523730126526036,0.1147050367105734,0.33292195063682295],[0.5523730126526036,0.1147050367105734,0.33292195063682295],[0.1711984257991632,0.6288681587047938,0.19993341549604296],[0.6954476788185819,0.03932308935449027,0.2652292318269278]],NULL)
,(14,'topic','{1,0,0,0}',NULL,ARRAY['{}'::jsonb,'{}'::jsonb,'{}'::jsonb,'{}'::jsonb])
,(15,'sentiment','{1,0,0,0}',ARRAY[[0.0746676774265827,0.76981974146618,0.1555125811072373],[0.0746676774265827,0.76981974146618,0.1555125811072373],[0.127934735897292,0.5469737746181755,0.3250914894845324],[0.06569380826862524,0.815649693886984,0.1186564978443908]],NULL)
,(15,'topic','{1,0,0,0}',NULL,ARRAY['{}'::jsonb,'{}'::jsonb,'{}'::jsonb,'{}'::jsonb])
;
INSERT INTO tweets_state (id,"attribute",state_bitmap,"output",output_upi) VALUES 
(16,'sentiment','{1,0,0,0}',ARRAY[[0.8147066803204701,0.036768129847356945,0.148525189832173],[0.8147066803204701,0.036768129847356945,0.148525189832173],[0.4189607074664856,0.07533641376032842,0.505702878773186],[0.9035002461892828,0.025525667281283203,0.07097408652943411]],NULL)
,(16,'topic','{1,0,0,0}',NULL,ARRAY['{}'::jsonb,'{}'::jsonb,'{}'::jsonb,'{}'::jsonb])
,(17,'sentiment','{1,0,0,0}',ARRAY[[0.04121668696952559,0.8957099602508021,0.06307335277967237],[0.04121668696952559,0.8957099602508021,0.06307335277967237],[0.008870975456577244,0.9864303026183316,0.004698721925091169],[0.040936447732668226,0.9102605642664541,0.048802988000877706]],NULL)
,(17,'topic','{1,0,0,0}',NULL,ARRAY['{}'::jsonb,'{}'::jsonb,'{}'::jsonb,'{}'::jsonb])
,(18,'sentiment','{1,0,0,0}',ARRAY[[0.04121668696952559,0.8957099602508021,0.06307335277967237],[0.04121668696952559,0.8957099602508021,0.06307335277967237],[0.008870975456577244,0.9864303026183316,0.004698721925091169],[0.040936447732668226,0.9102605642664541,0.048802988000877706]],NULL)
,(18,'topic','{1,0,0,0}',NULL,ARRAY['{}'::jsonb,'{}'::jsonb,'{}'::jsonb,'{}'::jsonb])
,(19,'sentiment','{1,0,0,0}',ARRAY[[0.21999535153266694,0.035319301591655916,0.7446853468756772],[0.21999535153266694,0.035319301591655916,0.7446853468756772],[0.3530375062399485,0.06562053626437206,0.5813419574956795],[0.12153900800996802,0.025213209189674554,0.8532477828003575]],NULL)
,(19,'topic','{1,0,0,0}',NULL,ARRAY['{}'::jsonb,'{}'::jsonb,'{}'::jsonb,'{}'::jsonb])
,(20,'sentiment','{1,0,0,0}',ARRAY[[0.09426769421385894,0.49245786538164904,0.41327444040449196],[0.09426769421385894,0.49245786538164904,0.41327444040449196],[0.08550574749837718,0.6560436579950664,0.2584505945065565],[0.06569872745515479,0.4646958312639202,0.4696054412809249]],NULL)
,(20,'topic','{1,0,0,0}',NULL,ARRAY['{}'::jsonb,'{}'::jsonb,'{}'::jsonb,'{}'::jsonb])
;
INSERT INTO tweets_state (id,"attribute",state_bitmap,"output",output_upi) VALUES 
(21,'sentiment','{1,0,0,0}',ARRAY[[0.07325608932249442,0.766146330897365,0.1605975797801406],[0.07325608932249442,0.766146330897365,0.1605975797801406],[0.0984566375627927,0.6905079429106963,0.21103541952651117],[0.06872470718559076,0.7868294517464771,0.14444584106793204]],NULL)
,(21,'topic','{1,0,0,0}',NULL,ARRAY['{}'::jsonb,'{}'::jsonb,'{}'::jsonb,'{}'::jsonb])
,(22,'sentiment','{1,0,0,0}',ARRAY[[0.0728704537584306,0.037950144941554964,0.8891794013000145],[0.0728704537584306,0.037950144941554964,0.8891794013000145],[0.2875610705677156,0.11155558786269483,0.6008833415695894],[0.03671715949825912,0.02320199546948218,0.9400808450322587]],NULL)
,(22,'topic','{1,0,0,0}',NULL,ARRAY['{}'::jsonb,'{}'::jsonb,'{}'::jsonb,'{}'::jsonb])
,(23,'sentiment','{1,0,0,0}',ARRAY[[0.05504821095477591,0.8165434497170704,0.12840833932815376],[0.05504821095477591,0.8165434497170704,0.12840833932815376],[0.12719566646641958,0.535917904705938,0.33688642882764236],[0.03965769787802826,0.8797906165402107,0.08055168558176103]],NULL)
,(23,'topic','{1,0,0,0}',NULL,ARRAY['{}'::jsonb,'{}'::jsonb,'{}'::jsonb,'{}'::jsonb])
,(24,'sentiment','{1,0,0,0}',ARRAY[[0.042751886050659445,0.8804200346199671,0.07682807932937344],[0.042751886050659445,0.8804200346199671,0.07682807932937344],[0.04150550166734912,0.8713817452795013,0.08711275305314957],[0.03754429213905139,0.9090487563151459,0.05340695154580274]],NULL)
,(24,'topic','{1,0,0,0}',NULL,ARRAY['{}'::jsonb,'{}'::jsonb,'{}'::jsonb,'{}'::jsonb])
,(25,'sentiment','{1,0,0,0}',ARRAY[[0.6968999492717433,0.18643816179321243,0.11666188893504428],[0.6968999492717433,0.18643816179321243,0.11666188893504428],[0.21856465195887217,0.5377485497710969,0.2436867982700309],[0.7798239473755825,0.14801702054062912,0.07215903208378836]],NULL)
,(25,'topic','{1,0,0,0}',NULL,ARRAY['{}'::jsonb,'{}'::jsonb,'{}'::jsonb,'{}'::jsonb])
;
INSERT INTO tweets_state (id,"attribute",state_bitmap,"output",output_upi) VALUES 
(26,'sentiment','{1,0,0,0}',ARRAY[[0.1290612167253551,0.07889509038630392,0.792043692888341],[0.1290612167253551,0.07889509038630392,0.792043692888341],[0.14991447142077072,0.4280515813526886,0.4220339472265408],[0.06798246183542861,0.023608482010768404,0.9084090561538031]],NULL)
,(26,'topic','{1,0,0,0}',NULL,ARRAY['{}'::jsonb,'{}'::jsonb,'{}'::jsonb,'{}'::jsonb])
,(27,'sentiment','{1,0,0,0}',ARRAY[[0.44905693892936527,0.41127717457304125,0.13966588649759348],[0.44905693892936527,0.41127717457304125,0.13966588649759348],[0.20563498812361738,0.4940782495243503,0.3002867623520323],[0.45152154422495433,0.455080754288192,0.09339770148685372]],NULL)
,(27,'topic','{1,0,0,0}',NULL,ARRAY['{}'::jsonb,'{}'::jsonb,'{}'::jsonb,'{}'::jsonb])
,(28,'sentiment','{1,0,0,0}',ARRAY[[0.066958929140705,0.8582645316904369,0.07477653916885807],[0.066958929140705,0.8582645316904369,0.07477653916885807],[0.04903823449849723,0.894416562092836,0.05654520340866672],[0.06856489412058746,0.8756689496068831,0.0557661562725294]],NULL)
,(28,'topic','{1,0,0,0}',NULL,ARRAY['{}'::jsonb,'{}'::jsonb,'{}'::jsonb,'{}'::jsonb])
,(29,'sentiment','{1,0,0,0}',ARRAY[[0.4171763859893552,0.40684759193657377,0.17597602207407104],[0.4171763859893552,0.40684759193657377,0.17597602207407104],[0.19334176298744785,0.500365440730104,0.30629279628244804],[0.41106301116096916,0.44812677890527636,0.14081020993375448]],NULL)
,(29,'topic','{1,0,0,0}',NULL,ARRAY['{}'::jsonb,'{}'::jsonb,'{}'::jsonb,'{}'::jsonb])
,(30,'sentiment','{1,0,0,0}',ARRAY[[0.05380104350930473,0.8686126851942553,0.07758627129644002],[0.05380104350930473,0.8686126851942553,0.07758627129644002],[0.03230209014977709,0.9291931803432866,0.038504729506936335],[0.0538104040035071,0.8836703845702325,0.0625192114262604]],NULL)
,(30,'topic','{1,0,0,0}',NULL,ARRAY['{}'::jsonb,'{}'::jsonb,'{}'::jsonb,'{}'::jsonb])
;
INSERT INTO tweets_state (id,"attribute",state_bitmap,"output",output_upi) VALUES 
(31,'sentiment','{1,0,0,0}',ARRAY[[0.5660527031493197,0.12104387803346892,0.31290341881721145],[0.5660527031493197,0.12104387803346892,0.31290341881721145],[0.14336104280749531,0.6114231408313269,0.24521581636117787],[0.6178948874042471,0.048545543684266064,0.33355956891148675]],NULL)
,(31,'topic','{1,0,0,0}',NULL,ARRAY['{}'::jsonb,'{}'::jsonb,'{}'::jsonb,'{}'::jsonb])
,(32,'sentiment','{1,0,0,0}',ARRAY[[0.8312504030061822,0.09089302847491586,0.07785656851890183],[0.8312504030061822,0.09089302847491586,0.07785656851890183],[0.3758923185493135,0.5196876194506246,0.10442006200006188],[0.9327366079230943,0.023633664502979046,0.04362972757392657]],NULL)
,(32,'topic','{1,0,0,0}',NULL,ARRAY['{}'::jsonb,'{}'::jsonb,'{}'::jsonb,'{}'::jsonb])
,(33,'sentiment','{1,0,0,0}',ARRAY[[0.06504304436564214,0.18596777503349243,0.7489891806008654],[0.06504304436564214,0.18596777503349243,0.7489891806008654],[0.10116186906929585,0.5086392088190249,0.3901989221116793],[0.057347147224277806,0.1543782320993438,0.7882746206763783]],NULL)
,(33,'topic','{1,0,0,0}',NULL,ARRAY['{}'::jsonb,'{}'::jsonb,'{}'::jsonb,'{}'::jsonb])
,(34,'sentiment','{1,0,0,0}',ARRAY[[0.26677473401754603,0.2805810372126753,0.4526442287697786],[0.26677473401754603,0.2805810372126753,0.4526442287697786],[0.20275403589268803,0.25723277933767785,0.540013184769634],[0.27618484510463664,0.2476563592207018,0.4761587956746615]],NULL)
,(34,'topic','{1,0,0,0}',NULL,ARRAY['{}'::jsonb,'{}'::jsonb,'{}'::jsonb,'{}'::jsonb])
,(35,'sentiment','{1,0,0,0}',ARRAY[[0.04364481875923415,0.8848846783582047,0.0714705028825612],[0.04364481875923415,0.8848846783582047,0.0714705028825612],[0.0335789768429381,0.922172497567812,0.04424852558924983],[0.04005595655455283,0.9065364892514108,0.053407554194036366]],NULL)
,(35,'topic','{1,0,0,0}',NULL,ARRAY['{}'::jsonb,'{}'::jsonb,'{}'::jsonb,'{}'::jsonb])
;
INSERT INTO tweets_state (id,"attribute",state_bitmap,"output",output_upi) VALUES 
(36,'sentiment','{1,0,0,0}',ARRAY[[0.045760695908359614,0.7891651899486417,0.16507411414299866],[0.045760695908359614,0.7891651899486417,0.16507411414299866],[0.022076242863510804,0.9316049938789833,0.04631876325750569],[0.04481738368264491,0.8881160998723442,0.0670665164450109]],NULL)
,(36,'topic','{1,0,0,0}',NULL,ARRAY['{}'::jsonb,'{}'::jsonb,'{}'::jsonb,'{}'::jsonb])
,(37,'sentiment','{1,0,0,0}',ARRAY[[0.5906687555894996,0.09274161407356499,0.3165896303369353],[0.5906687555894996,0.09274161407356499,0.3165896303369353],[0.2502900465722787,0.27519814287837246,0.4745118105493488],[0.7333267326055907,0.06898352847621596,0.1976897389181933]],NULL)
,(37,'topic','{1,0,0,0}',NULL,ARRAY['{}'::jsonb,'{}'::jsonb,'{}'::jsonb,'{}'::jsonb])
,(38,'sentiment','{1,0,0,0}',ARRAY[[0.17037190416405018,0.6716551539208189,0.1579729419151309],[0.17037190416405018,0.6716551539208189,0.1579729419151309],[0.11001557572850602,0.6882510038962345,0.20173342037525957],[0.1292646091252634,0.7340932915649403,0.1366420993097962]],NULL)
,(38,'topic','{1,0,0,0}',NULL,ARRAY['{}'::jsonb,'{}'::jsonb,'{}'::jsonb,'{}'::jsonb])
,(39,'sentiment','{1,0,0,0}',ARRAY[[0.05171439034165251,0.8697604616396803,0.07852514801866714],[0.05171439034165251,0.8697604616396803,0.07852514801866714],[0.04378233704932674,0.8966775654345122,0.059540097516160996],[0.04911482529671254,0.890620022315595,0.06026515238769242]],NULL)
,(39,'topic','{1,0,0,0}',NULL,ARRAY['{}'::jsonb,'{}'::jsonb,'{}'::jsonb,'{}'::jsonb])
,(40,'sentiment','{1,0,0,0}',ARRAY[[0.07591650002557485,0.6165648002136308,0.30751869976079427],[0.07591650002557485,0.6165648002136308,0.30751869976079427],[0.11167599046046188,0.45036298386434837,0.43796102567518974],[0.07006869597341979,0.6274115706758896,0.30251973335069055]],NULL)
,(40,'topic','{1,0,0,0}',NULL,ARRAY['{}'::jsonb,'{}'::jsonb,'{}'::jsonb,'{}'::jsonb])
;
INSERT INTO tweets_state (id,"attribute",state_bitmap,"output",output_upi) VALUES 
(41,'sentiment','{1,0,0,0}',ARRAY[[0.2003942901207138,0.4757438136954177,0.3238618961838685],[0.2003942901207138,0.4757438136954177,0.3238618961838685],[0.17034546822053068,0.3587307478261388,0.4709237839533306],[0.19307901453344659,0.490957066440928,0.3159639190256253]],NULL)
,(41,'topic','{1,0,0,0}',NULL,ARRAY['{}'::jsonb,'{}'::jsonb,'{}'::jsonb,'{}'::jsonb])
,(42,'sentiment','{1,0,0,0}',ARRAY[[0.05596231159032722,0.8411521924859191,0.10288549592375373],[0.05596231159032722,0.8411521924859191,0.10288549592375373],[0.04953740603171014,0.872136691693053,0.07832590227523678],[0.05381954213121492,0.8565658090674898,0.08961464880129526]],NULL)
,(42,'topic','{1,0,0,0}',NULL,ARRAY['{}'::jsonb,'{}'::jsonb,'{}'::jsonb,'{}'::jsonb])
,(43,'sentiment','{1,0,0,0}',ARRAY[[0.06668669925696744,0.05344518488590645,0.8798681158571261],[0.06668669925696744,0.05344518488590645,0.8798681158571261],[0.17088236772234255,0.2361410226637081,0.5929766096139494],[0.04791860397053709,0.023097809595115287,0.9289835864343475]],NULL)
,(43,'topic','{1,0,0,0}',NULL,ARRAY['{}'::jsonb,'{}'::jsonb,'{}'::jsonb,'{}'::jsonb])
,(44,'sentiment','{1,0,0,0}',ARRAY[[0.05913476787291571,0.8476138601952385,0.09325137193184582],[0.05913476787291571,0.8476138601952385,0.09325137193184582],[0.10504730196691874,0.7177579893701106,0.17719470866297074],[0.048797834518798135,0.8909111497337395,0.0602910157474624]],NULL)
,(44,'topic','{1,0,0,0}',NULL,ARRAY['{}'::jsonb,'{}'::jsonb,'{}'::jsonb,'{}'::jsonb])
,(45,'sentiment','{1,0,0,0}',ARRAY[[0.091928464050295,0.03656428075403507,0.87150725519567],[0.091928464050295,0.03656428075403507,0.87150725519567],[0.32589674035192573,0.09566740890529342,0.5784358507427808],[0.055738561589982825,0.02400220637902084,0.9202592320309964]],NULL)
,(45,'topic','{1,0,0,0}',NULL,ARRAY['{}'::jsonb,'{}'::jsonb,'{}'::jsonb,'{}'::jsonb])
;
INSERT INTO tweets_state (id,"attribute",state_bitmap,"output",output_upi) VALUES 
(46,'sentiment','{1,0,0,0}',ARRAY[[0.24966925850916105,0.5507703242836773,0.19956041720716158],[0.24966925850916105,0.5507703242836773,0.19956041720716158],[0.1416516795761579,0.7133042565867966,0.1450440638370455],[0.296767130997826,0.6066707898049617,0.09656207919721223]],NULL)
,(46,'topic','{1,0,0,0}',NULL,ARRAY['{}'::jsonb,'{}'::jsonb,'{}'::jsonb,'{}'::jsonb])
,(47,'sentiment','{1,0,0,0}',ARRAY[[0.7677224595826091,0.10491884366601059,0.12735869675138034],[0.7677224595826091,0.10491884366601059,0.12735869675138034],[0.2569479702463238,0.5194055376612828,0.2236464920923933],[0.8678567414088283,0.04238176505599567,0.08976149353517603]],NULL)
,(47,'topic','{1,0,0,0}',NULL,ARRAY['{}'::jsonb,'{}'::jsonb,'{}'::jsonb,'{}'::jsonb])
,(48,'sentiment','{1,0,0,0}',ARRAY[[0.5779754543557115,0.10792317992597189,0.3141013657183166],[0.5779754543557115,0.10792317992597189,0.3141013657183166],[0.3486026891924288,0.08328104745852404,0.5681162633490471],[0.599584947948614,0.1190749617697372,0.28134009028164875]],NULL)
,(48,'topic','{1,0,0,0}',NULL,ARRAY['{}'::jsonb,'{}'::jsonb,'{}'::jsonb,'{}'::jsonb])
,(49,'sentiment','{1,0,0,0}',ARRAY[[0.8300020341464034,0.04905380949673677,0.12094415635685987],[0.8300020341464034,0.04905380949673677,0.12094415635685987],[0.3945729103669375,0.18178108908827526,0.4236460005447873],[0.9279586841404518,0.024165794259131828,0.047875521600416415]],NULL)
,(49,'topic','{1,0,0,0}',NULL,ARRAY['{}'::jsonb,'{}'::jsonb,'{}'::jsonb,'{}'::jsonb])
,(50,'sentiment','{1,0,0,0}',ARRAY[[0.04324770449040044,0.8838719526392343,0.07288034287036521],[0.04324770449040044,0.8838719526392343,0.07288034287036521],[0.038971215389591606,0.9010676751870509,0.05996110942335755],[0.038627764438332296,0.9087036586895773,0.05266857687209044]],NULL)
,(50,'topic','{1,0,0,0}',NULL,ARRAY['{}'::jsonb,'{}'::jsonb,'{}'::jsonb,'{}'::jsonb])
;
INSERT INTO tweets_state (id,"attribute",state_bitmap,"output",output_upi) VALUES 
(51,'sentiment','{1,0,0,0}',ARRAY[[0.2657579628494793,0.5982692673637537,0.13597276978676692],[0.2657579628494793,0.5982692673637537,0.13597276978676692],[0.12310156601196905,0.803830379739806,0.073068054248225],[0.22087847980371436,0.6527781896398993,0.12634333055638616]],NULL)
,(51,'topic','{1,0,0,0}',NULL,ARRAY['{}'::jsonb,'{}'::jsonb,'{}'::jsonb,'{}'::jsonb])
,(52,'sentiment','{1,0,0,0}',ARRAY[[0.04996291775981638,0.05354621788672405,0.8964908643534596],[0.04996291775981638,0.05354621788672405,0.8964908643534596],[0.10763165949866238,0.23591251665338833,0.6564558238479492],[0.03616201334494904,0.023270604597925376,0.9405673820571256]],NULL)
,(52,'topic','{1,0,0,0}',NULL,ARRAY['{}'::jsonb,'{}'::jsonb,'{}'::jsonb,'{}'::jsonb])
,(53,'sentiment','{1,0,0,0}',ARRAY[[0.7759068935228525,0.11755335285842029,0.10653975361872725],[0.7759068935228525,0.11755335285842029,0.10653975361872725],[0.2322036530479734,0.5581455026089626,0.20965084434306402],[0.8828933728622111,0.05277111648792863,0.06433551064986014]],NULL)
,(53,'topic','{1,0,0,0}',NULL,ARRAY['{}'::jsonb,'{}'::jsonb,'{}'::jsonb,'{}'::jsonb])
,(54,'sentiment','{1,0,0,0}',ARRAY[[0.08230489615300593,0.7790800263010631,0.138615077545931],[0.08230489615300593,0.7790800263010631,0.138615077545931],[0.0945361495780156,0.7145786747010597,0.19088517572092478],[0.04826229682860996,0.872910761772235,0.07882694139915508]],NULL)
,(54,'topic','{1,0,0,0}',NULL,ARRAY['{}'::jsonb,'{}'::jsonb,'{}'::jsonb,'{}'::jsonb])
,(55,'sentiment','{1,0,0,0}',ARRAY[[0.05171439034165251,0.8697604616396803,0.07852514801866714],[0.05171439034165251,0.8697604616396803,0.07852514801866714],[0.04378233704932674,0.8966775654345122,0.059540097516160996],[0.04911482529671254,0.890620022315595,0.06026515238769242]],NULL)
,(55,'topic','{1,0,0,0}',NULL,ARRAY['{}'::jsonb,'{}'::jsonb,'{}'::jsonb,'{}'::jsonb])
;
INSERT INTO tweets_state (id,"attribute",state_bitmap,"output",output_upi) VALUES 
(56,'sentiment','{1,0,0,0}',ARRAY[[0.06906065480863027,0.08243934614445493,0.8484999990469149],[0.06906065480863027,0.08243934614445493,0.8484999990469149],[0.20840152813054424,0.12856424021556553,0.6630342316538903],[0.04482976348047254,0.04287275535362391,0.9122974811659036]],NULL)
,(56,'topic','{1,0,0,0}',NULL,ARRAY['{}'::jsonb,'{}'::jsonb,'{}'::jsonb,'{}'::jsonb])
,(57,'sentiment','{1,0,0,0}',ARRAY[[0.059421547316536615,0.4008245379004482,0.5397539147830153],[0.059421547316536615,0.4008245379004482,0.5397539147830153],[0.09824608478979495,0.38283448847880464,0.5189194267314005],[0.050313743306479974,0.3510126368225701,0.59867361987095]],NULL)
,(57,'topic','{1,0,0,0}',NULL,ARRAY['{}'::jsonb,'{}'::jsonb,'{}'::jsonb,'{}'::jsonb])
,(58,'sentiment','{1,0,0,0}',ARRAY[[0.7688342397998031,0.04749582794455894,0.18366993225563788],[0.7688342397998031,0.04749582794455894,0.18366993225563788],[0.40339476054746776,0.1602697856654123,0.43633545378712],[0.911528131458117,0.02711114456341864,0.06136072397846429]],NULL)
,(58,'topic','{1,0,0,0}',NULL,ARRAY['{}'::jsonb,'{}'::jsonb,'{}'::jsonb,'{}'::jsonb])
,(59,'sentiment','{1,0,0,0}',ARRAY[[0.5307804931545872,0.28763493088269343,0.1815845759627194],[0.5307804931545872,0.28763493088269343,0.1815845759627194],[0.2760165428495498,0.36213042964541203,0.36185302750503817],[0.548756024070928,0.3122157326808846,0.1390282432481873]],NULL)
,(59,'topic','{1,0,0,0}',NULL,ARRAY['{}'::jsonb,'{}'::jsonb,'{}'::jsonb,'{}'::jsonb])
,(60,'sentiment','{1,0,0,0}',ARRAY[[0.039534271625455156,0.07733044638606372,0.8831352819884812],[0.039534271625455156,0.07733044638606372,0.8831352819884812],[0.02727148510496363,0.4272046422655631,0.5455238726294732],[0.035650514231417206,0.023100888328349143,0.9412485974402337]],NULL)
,(60,'topic','{1,0,0,0}',NULL,ARRAY['{}'::jsonb,'{}'::jsonb,'{}'::jsonb,'{}'::jsonb])
;
INSERT INTO tweets_state (id,"attribute",state_bitmap,"output",output_upi) VALUES 
(61,'sentiment','{1,0,0,0}',ARRAY[[0.2726386883552602,0.6459533232845718,0.08140798836016802],[0.2726386883552602,0.6459533232845718,0.08140798836016802],[0.09975114562102527,0.8561250791851015,0.04412377519387325],[0.2339445172099129,0.7076411476267741,0.05841433516331296]],NULL)
,(61,'topic','{1,0,0,0}',NULL,ARRAY['{}'::jsonb,'{}'::jsonb,'{}'::jsonb,'{}'::jsonb])
,(62,'sentiment','{1,0,0,0}',ARRAY[[0.06392326237532886,0.8518798559953817,0.08419688162928947],[0.06392326237532886,0.8518798559953817,0.08419688162928947],[0.02262999398637852,0.955054654229378,0.02231535178424347],[0.0689187118521057,0.8570496999907192,0.07403158815717513]],NULL)
,(62,'topic','{1,0,0,0}',NULL,ARRAY['{}'::jsonb,'{}'::jsonb,'{}'::jsonb,'{}'::jsonb])
,(63,'sentiment','{1,0,0,0}',ARRAY[[0.8136066406433117,0.0345002423171316,0.15189311703955674],[0.8136066406433117,0.0345002423171316,0.15189311703955674],[0.4272488550175672,0.06872135482051098,0.5040297901619218],[0.9006521686945579,0.02360432706428565,0.07574350424115646]],NULL)
,(63,'topic','{1,0,0,0}',NULL,ARRAY['{}'::jsonb,'{}'::jsonb,'{}'::jsonb,'{}'::jsonb])
,(64,'sentiment','{1,0,0,0}',ARRAY[[0.8270898495726682,0.062377620616496945,0.11053252981083485],[0.8270898495726682,0.062377620616496945,0.11053252981083485],[0.42833496738934457,0.28803774169110913,0.2836272909195463],[0.918448761871737,0.02422143365167308,0.057329804476589884]],NULL)
,(64,'topic','{1,0,0,0}',NULL,ARRAY['{}'::jsonb,'{}'::jsonb,'{}'::jsonb,'{}'::jsonb])
,(65,'sentiment','{1,0,0,0}',ARRAY[[0.051488162076470695,0.8208232964799842,0.12768854144354508],[0.051488162076470695,0.8208232964799842,0.12768854144354508],[0.07268974043873509,0.7529687960794265,0.17434146348183846],[0.043995287044902055,0.8493219303285144,0.10668278262658347]],NULL)
,(65,'topic','{1,0,0,0}',NULL,ARRAY['{}'::jsonb,'{}'::jsonb,'{}'::jsonb,'{}'::jsonb])
;
INSERT INTO tweets_state (id,"attribute",state_bitmap,"output",output_upi) VALUES 
(66,'sentiment','{1,0,0,0}',ARRAY[[0.057975534260138066,0.8320789966422224,0.10994546909763953],[0.057975534260138066,0.8320789966422224,0.10994546909763953],[0.07161400937306521,0.8057747785754952,0.1226112120514395],[0.0528244051340702,0.855528533462154,0.09164706140377588]],NULL)
,(66,'topic','{1,0,0,0}',NULL,ARRAY['{}'::jsonb,'{}'::jsonb,'{}'::jsonb,'{}'::jsonb])
,(67,'sentiment','{1,0,0,0}',ARRAY[[0.04520112017087893,0.8666431029257033,0.08815577690341767],[0.04520112017087893,0.8666431029257033,0.08815577690341767],[0.03627653681838162,0.9093320255100125,0.05439143767160587],[0.04168143177417196,0.8843544673510424,0.07396410087478567]],NULL)
,(67,'topic','{1,0,0,0}',NULL,ARRAY['{}'::jsonb,'{}'::jsonb,'{}'::jsonb,'{}'::jsonb])
,(68,'sentiment','{1,0,0,0}',ARRAY[[0.17084982322667205,0.5099043130321612,0.3192458637411668],[0.17084982322667205,0.5099043130321612,0.3192458637411668],[0.0999272634368006,0.6146556821966281,0.2854170543665713],[0.19860458141215961,0.4578154713785502,0.34357994720929025]],NULL)
,(68,'topic','{1,0,0,0}',NULL,ARRAY['{}'::jsonb,'{}'::jsonb,'{}'::jsonb,'{}'::jsonb])
,(69,'sentiment','{1,0,0,0}',ARRAY[[0.06276224274258273,0.8504839006829346,0.08675385657448278],[0.06276224274258273,0.8504839006829346,0.08675385657448278],[0.045083938679849535,0.8929205438394443,0.06199551748070616],[0.06362836155953236,0.8655441113057787,0.0708275271346891]],NULL)
,(69,'topic','{1,0,0,0}',NULL,ARRAY['{}'::jsonb,'{}'::jsonb,'{}'::jsonb,'{}'::jsonb])
,(70,'sentiment','{1,0,0,0}',ARRAY[[0.053467484475739346,0.8575858070504123,0.08894670847384824],[0.053467484475739346,0.8575858070504123,0.08894670847384824],[0.09589964631300692,0.7336222076751554,0.17047814601183772],[0.04276606593154828,0.9015630424897972,0.05567089157865444]],NULL)
,(70,'topic','{1,0,0,0}',NULL,ARRAY['{}'::jsonb,'{}'::jsonb,'{}'::jsonb,'{}'::jsonb])
;
INSERT INTO tweets_state (id,"attribute",state_bitmap,"output",output_upi) VALUES 
(71,'sentiment','{1,0,0,0}',ARRAY[[0.06635136392686358,0.049291164687347164,0.8843574713857892],[0.06635136392686358,0.049291164687347164,0.8843574713857892],[0.234075461737331,0.2027395627731143,0.5631849754895547],[0.03693930786123389,0.023126025978801867,0.9399346661599642]],NULL)
,(71,'topic','{1,0,0,0}',NULL,ARRAY['{}'::jsonb,'{}'::jsonb,'{}'::jsonb,'{}'::jsonb])
,(72,'sentiment','{1,0,0,0}',ARRAY[[0.059402093624819165,0.14799447813624345,0.7926034282389373],[0.059402093624819165,0.14799447813624345,0.7926034282389373],[0.10212054349941158,0.5148817775653864,0.38299767893520203],[0.049666100498161225,0.10270674144528491,0.8476271580565538]],NULL)
,(72,'topic','{1,0,0,0}',NULL,ARRAY['{}'::jsonb,'{}'::jsonb,'{}'::jsonb,'{}'::jsonb])
,(73,'sentiment','{1,0,0,0}',ARRAY[[0.04892434393515168,0.8649323416231083,0.0861433144417401],[0.04892434393515168,0.8649323416231083,0.0861433144417401],[0.04887487783928284,0.8348661666518938,0.11625895550882336],[0.04454600662305208,0.8944844287572686,0.06096956461967932]],NULL)
,(73,'topic','{1,0,0,0}',NULL,ARRAY['{}'::jsonb,'{}'::jsonb,'{}'::jsonb,'{}'::jsonb])
,(74,'sentiment','{1,0,0,0}',ARRAY[[0.053745810386216925,0.05506245430204874,0.8911917353117343],[0.053745810386216925,0.05506245430204874,0.8911917353117343],[0.11834631349224654,0.21842219288122158,0.6632314936265319],[0.03942009451455241,0.02820730711371942,0.9323725983717281]],NULL)
,(74,'topic','{1,0,0,0}',NULL,ARRAY['{}'::jsonb,'{}'::jsonb,'{}'::jsonb,'{}'::jsonb])
,(75,'sentiment','{1,0,0,0}',ARRAY[[0.04756277640009848,0.8716871637917205,0.08075005980818101],[0.04756277640009848,0.8716871637917205,0.08075005980818101],[0.044050732440271446,0.8788120905708809,0.07713717698884758],[0.04353460747614971,0.8961665376622538,0.060298854861596494]],NULL)
,(75,'topic','{1,0,0,0}',NULL,ARRAY['{}'::jsonb,'{}'::jsonb,'{}'::jsonb,'{}'::jsonb])
;
INSERT INTO tweets_state (id,"attribute",state_bitmap,"output",output_upi) VALUES 
(76,'sentiment','{1,0,0,0}',ARRAY[[0.11300504005315096,0.69276843304874,0.194226526898109],[0.11300504005315096,0.69276843304874,0.194226526898109],[0.2185401075103189,0.23117858236802766,0.5502813101216534],[0.10170939650187844,0.7655471480387553,0.13274345545936617]],NULL)
,(76,'topic','{1,0,0,0}',NULL,ARRAY['{}'::jsonb,'{}'::jsonb,'{}'::jsonb,'{}'::jsonb])
,(77,'sentiment','{1,0,0,0}',ARRAY[[0.04249743910779273,0.8874445710977747,0.07005798979443253],[0.04249743910779273,0.8874445710977747,0.07005798979443253],[0.032101850755600896,0.9227727265716266,0.04512542267277254],[0.038772304700520475,0.9098496414035352,0.05137805389594438]],NULL)
,(77,'topic','{1,0,0,0}',NULL,ARRAY['{}'::jsonb,'{}'::jsonb,'{}'::jsonb,'{}'::jsonb])
,(78,'sentiment','{1,0,0,0}',ARRAY[[0.04121668696952559,0.8957099602508021,0.06307335277967237],[0.04121668696952559,0.8957099602508021,0.06307335277967237],[0.008870975456577244,0.9864303026183316,0.004698721925091169],[0.040936447732668226,0.9102605642664541,0.048802988000877706]],NULL)
,(78,'topic','{1,0,0,0}',NULL,ARRAY['{}'::jsonb,'{}'::jsonb,'{}'::jsonb,'{}'::jsonb])
,(79,'sentiment','{1,0,0,0}',ARRAY[[0.15494602012825973,0.033061571786917626,0.8119924080848226],[0.15494602012825973,0.033061571786917626,0.8119924080848226],[0.3752436567054785,0.06250200194258713,0.5622543413519344],[0.06451170862298942,0.023330977538376752,0.9121573138386339]],NULL)
,(79,'topic','{1,0,0,0}',NULL,ARRAY['{}'::jsonb,'{}'::jsonb,'{}'::jsonb,'{}'::jsonb])
,(80,'sentiment','{1,0,0,0}',ARRAY[[0.06412388913192454,0.0581634936520891,0.8777126172159864],[0.06412388913192454,0.0581634936520891,0.8777126172159864],[0.16917138146799737,0.27288135592408946,0.5579472626079132],[0.04478668779905304,0.023265499061462535,0.9319478131394844]],NULL)
,(80,'topic','{1,0,0,0}',NULL,ARRAY['{}'::jsonb,'{}'::jsonb,'{}'::jsonb,'{}'::jsonb])
;
INSERT INTO tweets_state (id,"attribute",state_bitmap,"output",output_upi) VALUES 
(81,'sentiment','{1,0,0,0}',ARRAY[[0.07109236422675783,0.7700918580647789,0.1588157777084633],[0.07109236422675783,0.7700918580647789,0.1588157777084633],[0.13253071412344383,0.5941463315745011,0.27332295430205505],[0.060160727631166776,0.8081504231923948,0.1316888491764383]],NULL)
,(81,'topic','{1,0,0,0}',NULL,ARRAY['{}'::jsonb,'{}'::jsonb,'{}'::jsonb,'{}'::jsonb])
,(82,'sentiment','{1,0,0,0}',ARRAY[[0.07357150575835852,0.8321810525619294,0.09424744167971205],[0.07357150575835852,0.8321810525619294,0.09424744167971205],[0.059279700999161945,0.870507171849317,0.07021312715152099],[0.07567475186068136,0.8448758758094597,0.07944937232985898]],NULL)
,(82,'topic','{1,0,0,0}',NULL,ARRAY['{}'::jsonb,'{}'::jsonb,'{}'::jsonb,'{}'::jsonb])
,(83,'sentiment','{1,0,0,0}',ARRAY[[0.046813601059200544,0.872147352539089,0.08103904640171047],[0.046813601059200544,0.872147352539089,0.08103904640171047],[0.05601601070914702,0.8705325289682827,0.07345146032257029],[0.040541493976806536,0.8981600495925116,0.061298456430682]],NULL)
,(83,'topic','{1,0,0,0}',NULL,ARRAY['{}'::jsonb,'{}'::jsonb,'{}'::jsonb,'{}'::jsonb])
,(84,'sentiment','{1,0,0,0}',ARRAY[[0.7761442530412854,0.047785759769691544,0.17606998718902286],[0.7761442530412854,0.047785759769691544,0.17606998718902286],[0.3376087601142024,0.1224292869122779,0.5399619529735197],[0.8656423343757504,0.03236702831907109,0.10199063730517832]],NULL)
,(84,'topic','{1,0,0,0}',NULL,ARRAY['{}'::jsonb,'{}'::jsonb,'{}'::jsonb,'{}'::jsonb])
,(85,'sentiment','{1,0,0,0}',ARRAY[[0.6999689668819007,0.11373481178168915,0.1862962213364101],[0.6999689668819007,0.11373481178168915,0.1862962213364101],[0.2610350472808118,0.29647967404959574,0.44248527866959236],[0.7768375716354692,0.09129069981218159,0.1318717285523492]],NULL)
,(85,'topic','{1,0,0,0}',NULL,ARRAY['{}'::jsonb,'{}'::jsonb,'{}'::jsonb,'{}'::jsonb])
;
INSERT INTO tweets_state (id,"attribute",state_bitmap,"output",output_upi) VALUES 
(86,'sentiment','{1,0,0,0}',ARRAY[[0.04964942533201695,0.051741410740138744,0.8986091639278444],[0.04964942533201695,0.051741410740138744,0.8986091639278444],[0.10594518555085491,0.22229598628046573,0.6717588281686794],[0.03602510243251772,0.0231336167979654,0.9408412807695169]],NULL)
,(86,'topic','{1,0,0,0}',NULL,ARRAY['{}'::jsonb,'{}'::jsonb,'{}'::jsonb,'{}'::jsonb])
,(87,'sentiment','{1,0,0,0}',ARRAY[[0.04573131248530117,0.12623352216699446,0.8280351653477043],[0.04573131248530117,0.12623352216699446,0.8280351653477043],[0.050969553960088974,0.5625978362098144,0.38643260983009675],[0.03996355723535767,0.06573945704554827,0.894296985719094]],NULL)
,(87,'topic','{1,0,0,0}',NULL,ARRAY['{}'::jsonb,'{}'::jsonb,'{}'::jsonb,'{}'::jsonb])
,(88,'sentiment','{1,0,0,0}',ARRAY[[0.09863865664537116,0.3467171994466399,0.5546441439079889],[0.09863865664537116,0.3467171994466399,0.5546441439079889],[0.05939653701277114,0.7932854145841683,0.14731804840306043],[0.10910218560667062,0.32126976368934984,0.5696280507039795]],NULL)
,(88,'topic','{1,0,0,0}',NULL,ARRAY['{}'::jsonb,'{}'::jsonb,'{}'::jsonb,'{}'::jsonb])
,(89,'sentiment','{1,0,0,0}',ARRAY[[0.8283721372249798,0.042435922125499466,0.12919194064952066],[0.8283721372249798,0.042435922125499466,0.12919194064952066],[0.41411850763349306,0.13304952883497342,0.4528319635315335],[0.9225278887007944,0.02346387113969906,0.05400824015950642]],NULL)
,(89,'topic','{1,0,0,0}',NULL,ARRAY['{}'::jsonb,'{}'::jsonb,'{}'::jsonb,'{}'::jsonb])
,(90,'sentiment','{1,0,0,0}',ARRAY[[0.8033401219335738,0.06192766129675481,0.13473221676967145],[0.8033401219335738,0.06192766129675481,0.13473221676967145],[0.35661128084585886,0.2915936413684798,0.3517950777856613],[0.8987364061101921,0.023028837945788454,0.0782347559440195]],NULL)
,(90,'topic','{1,0,0,0}',NULL,ARRAY['{}'::jsonb,'{}'::jsonb,'{}'::jsonb,'{}'::jsonb])
;
INSERT INTO tweets_state (id,"attribute",state_bitmap,"output",output_upi) VALUES 
(91,'sentiment','{1,0,0,0}',ARRAY[[0.04289294025958774,0.8701297302547504,0.08697732948566203],[0.04289294025958774,0.8701297302547504,0.08697732948566203],[0.03248642677454028,0.9119493894374525,0.055564183788007225],[0.03923554356642392,0.8885670764685316,0.07219737996504459]],NULL)
,(91,'topic','{1,0,0,0}',NULL,ARRAY['{}'::jsonb,'{}'::jsonb,'{}'::jsonb,'{}'::jsonb])
,(92,'sentiment','{1,0,0,0}',ARRAY[[0.0953785622242933,0.03517059925488134,0.8694508385208254],[0.0953785622242933,0.03517059925488134,0.8694508385208254],[0.3442250537826868,0.08901271182664168,0.5667622343906716],[0.05728397354965997,0.023253080558871403,0.9194629458914686]],NULL)
,(92,'topic','{1,0,0,0}',NULL,ARRAY['{}'::jsonb,'{}'::jsonb,'{}'::jsonb,'{}'::jsonb])
,(93,'sentiment','{1,0,0,0}',ARRAY[[0.09780231359302594,0.08991276016971825,0.8122849262372559],[0.09780231359302594,0.08991276016971825,0.8122849262372559],[0.07239993963107896,0.5154762849767998,0.41212377539212125],[0.038578532438659614,0.023857651943677352,0.9375638156176631]],NULL)
,(93,'topic','{1,0,0,0}',NULL,ARRAY['{}'::jsonb,'{}'::jsonb,'{}'::jsonb,'{}'::jsonb])
,(94,'sentiment','{1,0,0,0}',ARRAY[[0.04950687555551315,0.6851864955839446,0.2653066288605422],[0.04950687555551315,0.6851864955839446,0.2653066288605422],[0.03236823316733025,0.8725409346563335,0.09509083217633628],[0.04808903616707246,0.72248901063343,0.22942195319949762]],NULL)
,(94,'topic','{1,0,0,0}',NULL,ARRAY['{}'::jsonb,'{}'::jsonb,'{}'::jsonb,'{}'::jsonb])
,(95,'sentiment','{1,0,0,0}',ARRAY[[0.8284200664883625,0.03463774867015103,0.1369421848414865],[0.8284200664883625,0.03463774867015103,0.1369421848414865],[0.4375223365548595,0.06781815931098169,0.4946595041341588],[0.9186911562317436,0.023938201453233096,0.057370642315023306]],NULL)
,(95,'topic','{1,0,0,0}',NULL,ARRAY['{}'::jsonb,'{}'::jsonb,'{}'::jsonb,'{}'::jsonb])
;
INSERT INTO tweets_state (id,"attribute",state_bitmap,"output",output_upi) VALUES 
(96,'sentiment','{1,0,0,0}',ARRAY[[0.057555686782352344,0.8459333256557345,0.09651098756191309],[0.057555686782352344,0.8459333256557345,0.09651098756191309],[0.14800554506212915,0.5800518712982082,0.2719425836396627],[0.039532685882178585,0.9116214566930513,0.04884585742477008]],NULL)
,(96,'topic','{1,0,0,0}',NULL,ARRAY['{}'::jsonb,'{}'::jsonb,'{}'::jsonb,'{}'::jsonb])
,(97,'sentiment','{1,0,0,0}',ARRAY[[0.10861512537962079,0.03182265623947147,0.8595622183809077],[0.10861512537962079,0.03182265623947147,0.8595622183809077],[0.4097823208208244,0.06322772097260587,0.5269899582065697],[0.06400651328432792,0.023086655015052346,0.9129068317006198]],NULL)
,(97,'topic','{1,0,0,0}',NULL,ARRAY['{}'::jsonb,'{}'::jsonb,'{}'::jsonb,'{}'::jsonb])
,(98,'sentiment','{1,0,0,0}',ARRAY[[0.03957311655989209,0.098002030656583,0.862424852783525],[0.03957311655989209,0.098002030656583,0.862424852783525],[0.026542503062290695,0.5925822121033159,0.38087528483439353],[0.03582380448444527,0.023100072382749387,0.9410761231328054]],NULL)
,(98,'topic','{1,0,0,0}',NULL,ARRAY['{}'::jsonb,'{}'::jsonb,'{}'::jsonb,'{}'::jsonb])
,(99,'sentiment','{1,0,0,0}',ARRAY[[0.2754409785976443,0.078116490268381,0.6464425311339747],[0.2754409785976443,0.078116490268381,0.6464425311339747],[0.34285216894342385,0.17691866358031305,0.4802291674762631],[0.19716406697935862,0.06372643953931784,0.7391094934813235]],NULL)
,(99,'topic','{1,0,0,0}',NULL,ARRAY['{}'::jsonb,'{}'::jsonb,'{}'::jsonb,'{}'::jsonb])
,(100,'sentiment','{1,0,0,0}',ARRAY[[0.05264340632441218,0.8584330840666355,0.08892350960895223],[0.05264340632441218,0.8584330840666355,0.08892350960895223],[0.03508808747128369,0.9233020134458746,0.04160989908284172],[0.051802554870065944,0.8710794442163082,0.07711800091362578]],NULL)
,(100,'topic','{1,0,0,0}',NULL,ARRAY['{}'::jsonb,'{}'::jsonb,'{}'::jsonb,'{}'::jsonb])
;
INSERT INTO tweets_state (id,"attribute",state_bitmap,"output",output_upi) VALUES 
(101,'sentiment','{1,0,0,0}',ARRAY[[0.060657142213970366,0.0638573103783042,0.8754855474077254],[0.060657142213970366,0.0638573103783042,0.8754855474077254],[0.11507605797364394,0.2999647550530115,0.5849591869733446],[0.049180246204657434,0.026343354853428386,0.9244763989419141]],NULL)
,(101,'topic','{1,0,0,0}',NULL,ARRAY['{}'::jsonb,'{}'::jsonb,'{}'::jsonb,'{}'::jsonb])
,(102,'sentiment','{1,0,0,0}',ARRAY[[0.23008307798511124,0.08277852117860829,0.6871384008362804],[0.23008307798511124,0.08277852117860829,0.6871384008362804],[0.24732608875763482,0.12471956373688997,0.6279543475054752],[0.2530398221021801,0.08077916780652075,0.6661810100912992]],NULL)
,(102,'topic','{1,0,0,0}',NULL,ARRAY['{}'::jsonb,'{}'::jsonb,'{}'::jsonb,'{}'::jsonb])
,(103,'sentiment','{1,0,0,0}',ARRAY[[0.7752911972901403,0.12233824674219916,0.10237055596766047],[0.7752911972901403,0.12233824674219916,0.10237055596766047],[0.33572813645790767,0.4105393414521967,0.25373252208989566],[0.898223611392269,0.04754692122483859,0.05422946738289227]],NULL)
,(103,'topic','{1,0,0,0}',NULL,ARRAY['{}'::jsonb,'{}'::jsonb,'{}'::jsonb,'{}'::jsonb])
